9.885485571
9.968824063
10.40537301
9.455913015
9.10150334
9.910116926
10.60773205
8.012783878
8.540778056
9.251825066
9.043233673
10.89931644
18.65337221
9.927761363
10.11273495
9.878786836
10.51857537
42.01437627
17.91561256
9.580869042
9.518724844
12.99992152
9.647206543
10.01418351
20.84907473
33.1027014
34.11629624
7.61119191
11.85174453
11.47758668
3.437664393
10.50955266
27.06170464
25.28606317
18.82518943
12.61415093
27.25369004
15.49395296
6.47202842
6.068202496
8.501961484
7.450151952
7.20128683
6.250880067
10.25877021
10.61178668
8.661980208
4.804038834
9.874746879
9.893770095
9.885434889
9.908163904